274.513 276.848 274.235 255.508 271.414 251.775 357.551 356.71 266.967 251.348 255.805 375.946 303.145 297.162 275.669 368.399 224.514 273.303 274.235 302.101 267.777 281.335 275.669 
274.914 274.396 267.976 251.608 271.004 247.092 361.328 360.089 266.633 247.816 255.432 379.92 306.608 300.048 270.466 372.556 222.338 274.899 267.976 305.955 266.086 281.392 270.466 
275.775 268.235 249.831 238.799 268.684 233.428 371.213 368.579 265.502 235.973 250.461 391.752 314.218 308.698 253.253 384.966 214.754 277.676 249.831 316.591 260.163 281.811 253.253 
275.401 261.074 232.736 228.861 264.49 222.432 366.079 363.171 260.716 226.628 243.69 391.884 321.946 317.439 236.728 387.645 209.101 274.092 232.736 325.403 258.142 280.16 236.728 
266.089 241.433 198.543 209.592 241.054 200.85 322.044 318.612 232.867 203.373 213.863 371.509 343.395 334.291 205.469 377.11 196.481 243.499 198.543 338.126 259.161 268.886 205.469 
249.474 220.424 174.16 195.146 212.301 183.112 270.021 266.038 197.238 181.167 184.518 340.979 359.96 339.45 184.823 357.897 180.509 202.963 174.16 340.256 257.715 251.895 184.823 
237.178 211.168 165.976 193.756 199.03 176.457 253.208 248.27 184.621 172.929 177.052 329.92 361.611 332.789 176.264 348.423 173.257 189.466 165.976 332.868 250.996 240.119 176.264 
222.451 202.684 162.884 194.382 186.559 169.906 242.126 236.244 172.696 163.745 172.488 318.093 353.538 320.774 169.9 339.35 162.277 178.228 162.884 323.192 241.631 228.28 169.9 
205.306 192.541 159.304 193.241 170.009 162.604 232.22 224.702 157.791 153.109 165.242 307.201 336.399 306.603 162.651 333.43 150.639 168.824 159.304 314.299 233.71 216.387 162.651 
192.981 183.526 157.539 189.965 157.05 154.879 224.599 216.572 144.551 142.869 157.592 298.434 319.158 297.528 158.184 331.465 139.377 161.431 157.539 311.948 229.667 209.748 158.184 
