 205 186 172 194 177 139 253 234 149 138 174 306 343 334 152 357 148 188 172 343 266 232 152
 194 178 176 197 168 169 234 245 128 139 141 330 288 322 170 369 136 186 176 330 253 218 170
 195 178 157 176 140 166 216 212 134 127 133 325 294 300 136 358 152 140 157 323 220 177 136
 191 163 160 209 137 142 200 212 129 133 143 320 336 312 169 322 134 157 160 316 217 190 169
 135 133 153 215 118 132 180 180 107 110 122 275 239 225 133 311 99 130 153 260 208 175 133
 115 137 146 181 104 126 197 201 96 104 136 279 224 230 165 298 110 133 146 289 202 191 165
 161 187 170 190 137 162 241 238 137 152 163 303 311 313 163 319 127 162 170 341 250 235 163
 177 204 168 165 142 143 237 236 148 149 174 312 305 340 190 357 163 167 168 358 256 237 190
 179 166 170 169 111 131 245 250 121 112 154 294 297 319 136 360 103 167 170 347 235 216 136
 210 179 171 200 186 151 221 279 151 155 154 367 351 354 187 382 158 187 171 339 247 215 187
 173 169 120 173 142 133 175 176 115 130 123 301 270 297 146 331 98 130 120 321 232 185 146
 168 185 143 218 141 143 217 197 141 130 143 302 300 293 140 324 127 152 143 305 218 187 140
 157 188 164 201 121 149 226 191 116 152 148 238 281 290 152 310 135 152 164 284 231 206 152
 221 217 171 190 196 160 277 256 189 177 188 339 362 347 176 360 170 219 171 348 275 267 176
 175 183 147 191 131 157 234 243 119 133 146 304 321 317 168 374 136 179 147 342 248 233 168
 233 182 154 185 190 163 213 220 173 146 158 343 326 307 177 334 179 183 154 324 220 204 177
 147 149 137 202 139 127 181 185 123 116 130 293 267 246 145 334 138 156 137 300 212 170 145
 185 203 163 198 134 170 252 246 121 130 149 269 277 276 162 294 121 173 163 289 219 203 162
 171 180 161 182 147 147 261 249 125 151 185 319 324 321 143 330 134 192 161 352 239 221 143
 203 192 151 192 161 158 256 248 107 118 151 309 295 305 143 352 114 167 151 355 242 240 143
 211 176 161 184 153 137 213 208 149 114 131 320 312 293 155 363 117 175 161 310 237 236 155
 202 183 147 207 180 166 222 226 174 171 184 343 329 321 183 345 174 162 147 326 234 196 183
 192 195 180 201 173 147 215 234 168 143 193 316 356 288 175 332 148 158 180 290 240 205 175
 179 185 163 201 154 137 222 235 150 161 155 311 300 279 189 310 178 158 163 315 218 238 189
 239 233 183 222 209 179 289 261 199 187 195 314 357 336 215 329 200 216 183 358 270 268 215
 190 171 161 175 132 142 221 200 142 136 138 269 278 308 162 339 119 157 161 355 244 216 162
 233 195 168 199 192 171 268 236 133 157 166 322 336 326 192 342 153 199 168 322 270 243 192
 216 172 166 169 150 140 226 221 150 131 154 288 373 359 190 378 115 146 166 349 265 220 190
 189 168 159 176 134 162 235 210 107 109 130 235 297 300 166 362 111 144 159 334 244 179 166
 170 169 156 157 111 124 201 172 105 94 141 295 276 274 152 336 127 148 156 321 236 183 152
 204 185 158 193 148 151 195 175 132 120 136 278 291 272 155 324 110 154 158 313 205 201 155
 206 195 156 205 174 163 233 221 137 144 175 287 301 272 180 334 142 162 156 286 219 192 180
 171 191 154 163 127 156 223 210 112 136 148 264 294 277 133 299 123 155 154 285 227 222 133
 209 196 153 187 175 160 279 251 167 181 197 321 339 324 186 336 188 197 153 351 254 259 186
 233 219 176 197 220 181 302 255 177 168 199 341 352 349 164 346 187 210 176 361 260 260 164
 262 245 152 180 239 205 280 280 198 190 185 337 393 351 193 365 221 247 152 354 285 272 193
 247 181 152 181 203 164 240 241 181 163 170 340 346 336 156 350 176 206 152 332 248 221 156
 207 177 149 201 160 161 191 214 158 146 158 300 330 300 142 341 136 158 149 325 215 192 142
 164 159 153 179 124 145 199 196 123 127 159 265 301 249 139 291 122 123 153 256 197 200 139
 174 177 167 188 156 149 258 231 139 164 177 300 281 263 175 310 146 199 167 293 214 240 175
 204 223 142 198 159 162 253 247 140 163 171 284 340 341 183 335 147 207 142 346 240 230 183
 253 239 155 175 200 173 295 278 195 187 193 354 358 354 169 357 166 184 155 365 254 262 169
 255 215 165 201 208 176 286 272 189 191 178 345 384 362 186 377 217 224 165 344 249 278 186
 182 165 134 158 143 149 225 210 127 133 148 306 287 317 143 364 144 155 134 334 243 218 143
 188 169 138 162 131 148 217 185 106 126 125 298 290 296 125 337 113 168 138 319 242 191 125
 184 173 171 176 146 137 197 188 139 137 152 283 300 307 168 326 137 149 171 299 226 183 168
 214 205 176 250 185 166 231 224 132 140 170 316 310 271 173 349 145 161 176 290 234 186 173
 172 194 159 191 138 157 229 189 138 131 144 248 292 266 145 292 127 151 159 305 223 214 145
 214 207 157 186 197 171 257 246 175 165 171 304 337 337 168 331 165 190 157 366 258 257 168
 172 168 141 146 128 139 223 219 100 129 139 297 250 303 137 349 134 152 141 348 229 208 137
 204 177 114 153 143 150 224 196 119 137 151 277 368 337 140 344 130 139 114 343 262 219 140
 250 239 149 162 194 170 248 235 149 163 162 291 383 354 158 361 164 165 149 349 259 243 158
 247 207 138 166 181 169 243 238 169 129 153 312 383 343 127 350 140 156 138 362 270 240 127
 272 205 148 167 219 161 251 224 177 143 165 325 377 359 186 359 147 170 148 348 257 231 186
 245 222 168 173 161 171 243 241 124 151 143 298 339 356 163 367 162 202 168 340 252 240 163
 253 207 164 216 193 159 241 268 176 141 160 347 380 347 163 380 157 194 164 344 259 245 163
 259 217 152 211 208 182 256 281 202 169 191 364 368 358 182 377 171 207 152 351 262 230 182
 253 215 187 191 217 182 243 244 184 183 174 377 364 348 203 362 194 216 187 344 257 221 203
 226 180 163 191 200 155 210 213 155 143 162 282 340 320 129 332 153 170 163 343 223 200 129
 202 198 148 217 190 170 232 209 187 187 164 340 363 336 161 320 194 180 148 313 220 207 161
 201 181 175 199 188 175 252 240 182 173 185 313 362 280 173 323 168 191 175 284 241 215 173
 223 230 200 202 203 193 298 229 207 191 196 311 351 317 185 307 175 225 200 313 259 242 185
 216 225 177 203 169 176 257 244 180 185 170 287 334 323 173 333 162 189 177 350 251 259 173
 249 231 195 205 229 188 309 263 196 219 194 334 345 365 205 341 193 203 195 368 254 263 205
 251 233 176 180 204 168 248 260 160 173 175 310 381 346 186 357 159 188 176 355 275 225 186
 247 219 191 186 212 191 233 259 186 174 178 329 386 355 185 373 179 193 191 355 275 249 185
 265 235 168 178 188 181 215 236 183 160 147 306 384 355 176 366 150 160 168 347 272 269 176
 279 213 153 188 219 190 285 258 214 170 204 331 387 354 162 357 207 236 153 346 286 255 162
 252 222 153 185 209 178 266 242 171 154 158 312 384 355 147 369 166 171 153 346 284 257 147
 249 229 174 183 209 172 267 268 159 155 138 309 394 355 175 371 152 165 174 364 268 246 175
 232 183 157 191 184 173 268 277 192 154 168 332 393 356 178 364 151 189 157 337 256 257 178
 206 233 163 200 198 194 284 254 194 199 197 332 351 356 189 366 187 193 163 358 253 269 189
 246 190 159 203 211 172 279 267 180 169 196 304 336 342 160 325 152 193 159 350 267 283 160
 188 191 148 194 158 158 249 225 150 144 151 289 318 315 153 320 121 153 148 335 226 251 153
 180 183 167 202 163 160 239 232 153 168 170 286 333 287 173 312 125 138 167 279 219 220 173
 197 194 177 211 192 180 236 234 172 154 170 313 378 321 148 327 155 190 177 317 226 213 148
 234 213 171 198 198 173 219 222 149 139 158 312 354 309 176 339 139 138 171 334 242 217 176
 240 226 188 196 201 178 227 237 201 144 174 346 354 345 180 357 157 183 188 331 241 230 180
 275 227 163 195 211 171 242 236 195 186 165 353 370 356 174 360 152 199 163 338 264 242 174
 259 209 164 165 219 188 237 245 201 179 183 335 391 358 160 373 180 175 164 338 259 263 160
 241 233 170 194 216 189 289 288 200 190 188 344 381 352 170 356 197 221 170 356 280 261 170
 232 212 177 202 204 178 260 254 177 177 175 323 344 351 191 342 157 199 177 355 249 230 191
 254 207 180 198 195 185 276 273 190 214 191 312 346 356 174 357 212 210 180 357 253 261 174
 226 231 179 196 190 192 284 237 185 146 190 278 346 309 166 298 156 170 179 325 232 254 166
 213 210 186 224 196 166 256 264 201 193 183 319 337 293 186 306 190 193 186 295 241 244 186
 212 201 171 207 182 182 245 225 202 172 190 291 373 277 184 336 209 182 171 285 237 216 184
 198 173 166 207 171 153 223 203 170 135 168 302 345 274 162 334 146 175 166 285 221 213 162
 191 200 164 194 172 166 219 202 165 154 169 282 349 271 149 290 170 167 164 279 223 207 149
 200 170 148 176 168 160 202 219 176 147 157 310 347 281 149 320 155 137 148 273 210 198 149
 200 206 157 182 186 185 222 223 179 172 177 340 366 288 170 345 176 182 157 285 242 217 170
 205 195 179 210 181 178 260 217 193 159 212 319 370 292 173 317 148 173 179 282 245 234 173
 203 227 171 236 169 172 249 256 188 166 192 328 363 282 169 317 180 173 171 283 215 212 169
 214 209 157 203 185 185 257 226 182 174 194 296 365 287 179 322 161 169 157 274 224 208 179
 216 223 175 202 163 164 258 242 172 158 175 269 351 287 194 309 148 154 175 301 242 242 194
 231 242 173 206 190 186 267 261 178 187 177 313 351 336 177 324 171 186 173 352 254 256 177
 236 217 165 220 202 179 278 274 178 174 181 315 360 345 180 340 181 183 165 368 263 263 180
 229 198 171 192 200 167 270 273 190 185 176 325 343 342 173 355 167 188 171 364 276 256 173
 247 213 166 190 175 163 250 272 169 184 161 347 361 356 184 358 163 176 166 349 260 256 184
 222 204 152 176 190 176 261 236 152 169 186 332 388 358 159 350 159 188 152 353 230 268 159
 252 217 139 177 191 187 231 216 165 165 144 292 380 351 145 362 137 146 139 343 264 258 145
 271 223 195 205 230 186 251 258 166 185 185 360 350 344 199 373 171 181 195 351 264 248 199
 253 204 181 195 218 176 210 227 204 168 180 333 363 329 171 333 172 168 181 337 230 216 171
 226 196 177 241 184 177 229 237 175 169 174 342 347 323 161 331 174 172 177 308 230 228 161
 207 218 161 202 169 178 237 228 163 180 186 316 359 310 183 328 178 167 161 290 256 229 183
 213 216 183 220 210 187 266 275 183 170 178 315 340 286 204 311 176 188 183 318 226 256 204
 240 230 171 217 194 184 250 254 176 145 176 289 343 339 192 337 169 156 171 358 254 242 192
 243 198 174 175 214 185 276 262 186 178 182 323 381 344 156 353 178 180 174 351 260 248 156
 266 245 183 191 196 199 265 272 205 196 170 348 381 352 206 371 192 213 183 346 265 262 206
 278 227 154 199 226 183 244 270 187 159 167 370 366 346 195 372 167 189 154 326 275 237 195
 272 275 253 206 262 249 248 253 220 210 196 335 299 310 209 344 197 190 253 296 271 240 209
 209 173 157 180 184 158 215 214 189 154 157 324 336 314 152 326 152 154 157 332 225 212 152
 216 202 182 226 193 186 226 226 201 188 195 347 374 322 153 343 177 182 182 317 225 207 153
 216 203 185 228 169 165 247 257 189 179 175 335 363 301 166 335 184 174 185 306 221 214 166
 216 198 162 221 178 177 265 229 162 184 197 343 356 291 192 328 170 173 162 280 241 223 192
 200 191 158 209 181 165 247 226 171 165 172 319 347 289 148 334 158 172 158 269 210 197 148
 211 210 157 204 190 170 248 252 178 187 182 326 361 288 146 327 158 178 157 273 224 211 146
 210 216 160 201 203 178 265 243 189 194 203 333 360 304 168 335 185 209 160 293 236 208 168
 191 206 184 208 178 192 247 233 164 174 192 303 349 282 171 314 165 183 184 283 226 225 171
 210 202 145 184 204 187 263 250 196 195 197 319 342 291 180 307 184 198 145 286 243 223 180
 240 215 181 193 194 186 264 241 196 175 176 314 342 293 253 294 176 169 181 297 238 278 253
 209 207 189 218 174 171 239 204 160 151 163 279 342 283 216 333 135 143 189 281 232 198 216
 216 192 152 198 170 171 223 224 171 164 184 311 351 296 182 322 153 167 152 283 229 191 182
 205 194 168 204 190 172 241 230 185 153 189 340 384 326 164 346 184 167 168 319 229 203 164
 219 191 140 187 201 172 205 201 178 148 156 307 378 347 135 341 183 182 140 311 227 198 135
 237 194 146 189 198 162 208 179 172 139 158 303 367 340 151 330 144 170 146 339 228 217 151
 248 213 167 194 201 172 209 234 166 145 153 296 354 337 170 336 144 166 167 345 229 198 170
 264 205 163 195 202 210 226 231 202 185 193 357 333 333 191 359 201 195 163 337 258 223 191
 241 198 169 173 195 189 229 223 192 192 162 337 346 313 155 342 180 189 169 339 236 223 155
 280 240 176 200 220 176 249 250 208 183 170 364 368 345 206 368 190 200 176 341 249 239 206
 267 199 189 168 213 186 235 261 222 174 152 368 367 346 181 374 199 217 189 338 247 250 181
 267 229 182 194 228 183 255 258 201 182 178 358 351 353 174 357 188 211 182 347 259 236 174
 271 207 170 171 220 167 252 255 202 171 169 346 384 352 172 377 168 206 170 342 265 259 172
 272 214 164 189 203 197 258 267 216 180 171 368 384 351 180 362 188 213 164 351 281 268 180
 271 231 165 196 221 179 272 269 191 187 172 345 381 358 191 370 198 198 165 345 290 271 191
 254 210 159 176 205 161 251 262 195 173 171 351 380 352 183 357 175 217 159 356 271 255 183
 278 225 168 172 234 173 263 250 205 155 172 357 388 370 178 374 187 192 168 344 287 257 178
 256 176 108 148 206 161 270 217 197 164 196 331 377 359 170 368 167 205 108 354 255 259 170
 230 177 116 167 181 151 221 261 173 167 157 321 364 336 156 352 162 177 116 336 261 243 156
 233 201 168 175 176 181 246 268 188 195 153 352 363 357 180 370 180 184 168 340 260 254 180
 275 236 173 180 220 191 244 266 191 197 179 333 392 344 213 370 213 197 173 353 275 284 213
 259 216 117 157 231 173 243 245 218 173 192 346 388 354 179 365 170 194 117 350 256 271 179
 256 207 156 181 216 178 276 250 203 173 189 317 385 359 189 385 183 182 156 357 295 249 189
 259 220 170 217 226 169 278 261 197 181 166 357 385 341 170 369 196 192 170 355 261 256 170
 243 194 177 202 213 189 264 263 205 204 179 373 376 343 184 377 205 239 177 337 257 254 184
 251 219 174 185 216 171 240 244 188 170 168 352 362 342 174 374 170 184 174 337 254 227 174
 245 192 145 169 197 153 233 215 190 170 164 328 369 336 167 346 160 181 145 338 237 222 167
 221 196 164 204 185 159 198 220 169 162 167 343 353 325 155 352 158 168 164 332 218 205 155
 218 181 144 177 180 140 205 214 154 175 187 322 348 300 141 348 148 168 144 304 232 196 141
 180 179 163 203 174 161 221 235 176 166 164 308 372 285 135 294 156 179 163 283 197 205 135
 198 217 135 172 171 177 295 238 157 171 191 302 333 323 161 307 154 217 135 335 216 230 161
 267 269 230 227 271 196 393 375 256 240 244 413 349 343 236 406 215 297 230 339 239 301 236
 277 256 203 228 273 213 395 390 278 236 224 387 310 348 204 375 213 277 203 341 257 280 204
 288 261 184 225 278 206 369 368 288 252 232 391 315 323 196 382 202 264 184 314 249 259 196
 287 248 188 221 269 220 354 353 285 250 238 407 288 311 215 402 209 273 188 296 245 288 215
 296 266 219 230 279 224 368 357 284 244 255 403 298 303 208 395 198 261 219 315 251 288 208
 285 246 210 245 271 224 396 379 284 224 266 396 287 322 217 395 220 273 210 250 256 290 217
 286 277 230 205 291 233 409 409 274 244 264 405 294 317 260 378 204 302 230 288 271 275 260
 297 268 254 247 293 255 399 398 269 271 276 396 281 328 269 392 247 309 254 279 248 292 269
 284 254 223 224 290 257 399 384 279 268 264 405 292 312 243 413 245 303 223 344 249 295 243
 279 275 225 217 271 229 383 390 264 219 257 414 316 332 224 413 208 291 225 356 262 274 224
 292 262 232 218 268 220 384 379 263 216 275 396 337 359 222 407 212 297 232 350 265 319 222
 279 255 223 212 273 220 395 397 295 207 251 393 323 341 206 399 210 308 223 361 271 287 206
 288 268 222 205 289 220 406 403 266 225 266 388 316 354 217 379 221 312 222 360 259 286 217
 277 255 217 224 269 213 389 385 259 231 253 407 307 325 205 392 198 293 217 349 246 285 205
 257 247 228 210 256 199 375 378 264 209 251 407 301 332 212 406 209 286 228 310 245 266 212
 286 255 218 220 258 207 376 376 268 196 233 397 326 336 223 387 198 300 218 344 258 291 223
 279 270 238 210 282 234 393 395 267 231 273 406 348 354 251 396 200 307 238 359 274 314 251
 291 284 210 220 286 227 390 392 263 209 249 401 311 329 204 392 213 278 210 356 255 302 204
 270 274 191 247 273 215 357 370 273 222 250 409 305 300 212 406 184 255 191 302 251 269 212
 273 264 212 218 260 203 384 382 278 214 251 397 322 338 203 388 217 278 212 347 255 257 203
 267 263 179 198 250 194 387 394 271 211 239 404 334 357 207 404 202 300 179 355 254 301 207
 277 251 222 218 285 215 396 394 263 244 284 405 323 325 231 389 227 307 222 347 256 295 231
 283 270 267 234 270 236 371 366 275 231 249 412 313 311 231 418 206 287 267 321 251 264 231
 280 271 217 262 286 229 393 378 292 222 227 403 333 346 203 397 209 311 217 355 242 294 203
 275 273 225 215 290 230 394 381 279 239 245 407 302 329 198 396 206 298 225 353 265 285 198
 290 275 257 239 288 241 384 387 265 244 250 407 313 303 271 382 230 280 257 330 260 299 271
 261 271 266 227 248 247 358 361 247 220 236 405 286 272 279 401 206 261 266 295 255 262 279
 273 246 234 229 264 230 390 371 261 228 219 407 313 315 252 387 193 276 234 326 243 276 252
 285 248 221 230 275 204 394 398 256 188 241 401 360 347 206 401 191 308 221 356 255 297 206
 273 257 231 239 260 200 374 375 269 205 271 400 330 319 225 396 214 280 231 345 248 279 225
 283 252 235 219 255 200 375 364 265 207 228 396 339 302 237 397 198 280 235 303 253 268 237
 271 262 240 216 256 216 384 389 268 225 257 406 330 313 248 394 209 298 240 336 251 278 248
 276 269 238 226 268 214 398 392 267 235 263 401 333 327 254 399 223 316 238 335 261 287 254
 274 280 243 221 267 209 358 362 281 234 236 402 331 297 241 397 211 266 243 314 241 269 241
 285 307 281 218 262 240 378 379 267 228 249 409 313 291 269 397 229 273 281 319 263 274 269
 251 275 253 252 247 228 387 386 251 242 270 398 314 282 278 386 197 267 253 324 257 275 278
 275 273 237 219 273 218 337 361 253 204 221 391 299 292 218 397 214 249 237 315 233 287 218
 273 253 217 227 236 208 386 385 270 205 246 410 361 332 251 402 204 299 217 358 246 295 251
 273 253 260 226 267 231 388 389 263 224 284 386 307 305 255 385 209 297 260 333 261 298 255
 290 266 235 226 266 223 349 356 281 246 248 393 304 297 254 396 204 261 235 304 254 284 254
 284 287 284 266 265 263 356 371 281 265 236 399 303 295 271 391 204 273 284 301 271 272 271
 283 260 270 222 276 268 394 390 297 257 248 411 309 320 271 405 213 279 270 350 264 292 271
 283 255 214 218 297 226 392 401 298 259 256 393 312 338 232 391 206 294 214 366 266 307 232
 291 253 222 222 288 234 384 369 268 234 239 401 315 302 241 398 218 285 222 316 267 306 241
 277 251 263 240 273 248 383 350 266 225 246 395 301 314 281 396 220 248 263 308 245 289 281
 276 246 254 256 284 234 372 376 286 229 265 407 335 314 245 401 202 292 254 341 269 280 245
 284 255 233 216 280 221 400 378 273 236 262 395 297 312 241 383 212 289 233 320 261 286 241
 272 255 266 263 257 226 368 337 262 211 219 399 318 284 279 391 206 258 266 295 239 285 279
 285 278 255 226 286 221 387 380 266 240 233 406 310 313 255 390 203 283 255 318 259 300 255
 264 273 255 220 260 209 380 355 271 240 252 397 317 309 248 385 238 259 255 315 255 282 248
 292 278 265 236 268 243 360 372 269 242 248 397 330 288 266 390 218 274 265 295 256 276 266
 260 282 293 248 262 237 389 387 264 255 245 381 295 297 255 374 216 279 293 328 272 266 255
 277 270 253 223 274 231 344 362 284 252 249 388 297 288 219 397 207 269 253 303 251 279 219
 286 270 269 266 289 252 365 368 276 276 242 370 286 303 267 366 229 277 269 315 270 287 267
 272 287 280 268 271 251 380 390 272 260 248 379 311 293 278 371 232 287 280 305 260 290 278
 293 295 277 255 291 269 370 375 282 267 242 189 302 293 280 216 248 267 277 306 277 274 280
 275 272 274 256 242 199 387 385 234 229 233 289 365 309 268 252 187 306 274 319 275 276 268
 266 289 291 252 235 201 370 360 223 207 262 260 351 287 273 215 195 302 291 292 267 279 273
 273 294 292 280 265 259 352 343 256 256 255 267 295 295 305 291 221 285 292 300 275 293 305
 276 286 284 287 278 245 383 363 251 239 256 267 305 301 279 266 236 255 284 306 298 279 279
 258 267 271 258 252 222 368 357 248 235 252 393 299 299 233 392 221 279 271 306 256 291 233
 272 281 278 252 255 234 366 367 247 207 227 393 309 312 270 394 208 267 278 302 258 275 270
 284 273 275 257 283 264 399 385 275 275 267 401 296 308 270 400 218 294 275 296 261 284 270
 251 262 280 257 242 222 365 341 238 237 255 394 288 294 273 388 229 244 280 307 256 292 273
 272 276 272 239 255 241 358 344 255 247 246 393 294 308 277 390 199 253 272 304 255 285 277
 294 284 255 244 280 243 391 374 272 248 250 411 308 319 250 400 203 264 255 311 266 281 250
 298 284 278 231 281 262 402 368 268 244 269 400 309 299 269 385 208 310 278 306 273 290 269
 263 270 269 242 259 247 344 323 260 258 250 401 286 265 275 388 230 257 269 276 255 276 275
 272 266 256 265 256 237 355 344 248 248 250 395 289 291 282 386 195 239 256 289 272 289 282
 274 264 275 255 262 268 367 363 266 243 238 407 302 287 296 395 212 278 275 304 278 264 296
 280 265 277 275 274 268 374 364 281 264 270 404 285 307 277 403 230 266 277 299 263 275 277
 243 279 277 271 240 238 383 374 233 236 257 396 313 299 281 378 208 285 277 302 271 287 281
 260 280 272 241 251 240 377 359 242 236 275 412 314 294 275 401 216 291 272 325 274 288 275
 278 281 262 261 284 263 347 359 285 254 250 401 296 292 270 400 231 281 262 291 265 288 270
 277 253 272 251 293 248 338 349 263 270 232 390 296 278 255 379 232 223 272 293 254 273 255
 246 273 267 253 248 211 348 360 229 210 228 388 335 299 254 394 211 268 267 312 258 277 254
 264 270 239 237 260 224 359 368 245 212 264 373 330 319 273 380 197 283 239 318 275 275 273
 305 267 251 239 281 241 379 386 237 243 260 403 322 311 278 408 215 286 251 313 266 286 278
 279 295 278 258 293 254 398 387 272 247 270 395 307 307 262 372 236 278 278 301 274 289 262
 286 279 273 242 279 244 377 363 287 247 256 400 307 296 275 386 227 291 273 304 256 267 275
 280 288 267 264 270 265 351 338 269 257 272 395 285 287 291 395 236 284 267 301 282 290 291
 257 274 274 267 246 255 346 362 258 254 254 404 299 285 287 408 214 285 274 293 279 291 287
 243 277 293 263 236 240 351 350 226 247 252 410 277 291 267 407 205 260 293 290 257 266 267
 290 270 279 251 285 258 345 348 279 251 238 403 305 299 282 404 225 248 279 274 270 266 282
 262 275 266 252 261 234 334 343 252 233 251 396 280 287 264 387 215 271 266 309 276 268 264
 288 275 288 272 283 266 364 356 274 258 244 387 305 293 273 390 237 274 288 310 287 272 273
 271 281 244 255 251 242 359 348 245 229 226 396 317 308 277 383 191 241 244 316 246 262 277
 295 269 246 237 286 241 333 364 272 240 238 391 312 305 252 385 221 239 246 314 247 269 252
 287 264 267 259 270 243 357 349 288 247 228 398 312 301 266 395 207 234 267 288 242 279 266
 277 274 265 233 276 230 341 355 267 226 232 396 287 279 253 394 215 263 265 281 235 268 253
 286 269 279 248 295 264 341 347 286 272 261 402 301 282 286 405 236 270 279 295 267 266 286
 283 291 279 258 284 264 324 371 275 278 262 399 306 293 279 404 249 272 279 306 282 266 279
 274 282 296 267 277 259 361 352 271 251 264 410 275 295 278 397 243 266 296 310 287 284 278
 250 267 265 245 258 262 351 348 262 245 269 383 277 292 253 378 222 295 265 307 286 258 253
 257 262 270 238 258 256 378 360 266 245 258 397 301 292 282 382 222 286 270 306 257 277 282
 283 287 296 260 288 274 364 351 270 249 272 390 271 286 271 374 220 283 296 307 276 277 271
 281 284 290 255 270 268 347 363 292 272 279 391 289 298 297 396 222 281 290 296 246 288 297
 272 277 288 273 263 260 348 341 262 258 248 404 291 304 293 404 226 273 288 300 262 270 293
 290 275 286 265 280 261 346 327 274 264 268 387 293 307 266 370 255 297 286 301 280 294 266
 280 289 284 279 285 255 335 348 273 255 271 338 294 294 281 328 234 272 284 296 281 284 281
 246 269 254 233 255 238 348 349 264 220 245 236 310 286 274 237 209 243 254 295 254 279 274
 262 253 268 250 267 262 354 344 269 256 265 257 307 291 277 249 227 270 268 281 237 279 277
 276 287 277 251 270 263 352 375 270 257 265 346 284 300 273 332 222 285 277 324 251 300 273
 286 271 266 223 284 236 398 393 275 250 250 405 301 325 273 401 222 279 266 321 244 290 273
 277 291 276 269 275 260 342 342 271 264 250 411 300 302 280 404 218 275 276 303 277 287 280
 280 273 284 237 272 265 359 336 263 257 251 401 281 285 279 391 243 266 284 297 265 282 279
 290 279 287 243 289 258 376 356 282 258 256 405 302 304 290 384 220 273 287 305 266 285 290
 285 260 284 252 293 258 355 350 288 272 220 407 284 298 279 392 221 261 284 283 257 296 279
 265 285 266 248 277 255 332 346 275 270 266 401 290 297 306 383 214 260 266 283 261 296 306
 275 273 275 286 277 250 351 328 264 258 262 382 300 299 288 368 234 280 275 304 271 286 288
 268 291 293 279 271 241 339 340 257 239 260 391 265 287 271 370 233 283 293 302 253 284 271
 279 276 302 254 288 261 344 340 273 278 278 400 290 289 290 398 243 270 302 298 261 292 290
 290 280 274 253 277 265 357 346 272 263 241 414 291 285 275 391 216 257 274 298 275 272 275
 287 257 270 253 270 263 359 348 278 265 253 411 309 300 290 403 219 254 270 305 275 298 290
 288 284 274 239 273 270 336 357 283 272 251 406 293 288 295 398 235 274 274 288 268 285 295
 269 262 283 256 268 276 345 354 251 259 253 391 281 289 287 396 237 283 283 297 271 286 287
 292 287 285 255 310 262 366 370 303 251 258 379 321 312 297 405 218 266 285 304 286 284 297
 266 275 269 226 288 260 387 377 281 252 259 384 288 308 286 385 214 269 269 298 274 283 286
 271 280 269 265 276 256 354 358 259 273 270 391 305 295 272 377 223 288 269 291 283 282 272
 292 285 283 260 296 278 353 361 268 270 262 388 299 293 282 380 246 280 283 316 285 282 282
 291 290 297 269 295 284 325 345 280 281 266 380 300 295 274 368 237 264 297 299 276 281 274
 277 271 273 249 279 247 343 332 282 240 261 403 293 286 290 401 216 273 273 280 273 298 290
 291 262 239 263 286 230 376 371 285 230 238 403 321 293 269 385 220 257 239 325 239 282 269
 310 268 240 216 263 233 381 361 262 228 235 415 354 322 237 395 200 289 240 322 259 273 237
 291 272 256 239 252 225 384 391 259 203 265 388 364 292 271 385 230 306 256 322 274 280 271
 287 256 236 246 271 219 399 383 261 235 256 393 333 305 269 370 203 297 236 353 254 296 269
 272 251 215 229 260 216 365 373 282 234 250 414 331 300 244 407 201 285 215 325 251 291 244
 260 255 246 234 261 233 345 359 284 254 244 390 321 301 272 390 225 242 246 301 247 288 272
 268 280 247 264 264 245 373 372 262 227 255 386 330 311 268 382 208 277 247 300 256 261 268
 304 283 268 258 285 236 380 374 293 237 260 237 337 316 276 246 221 304 268 326 264 291 276
 278 272 256 242 277 234 384 385 271 218 265 280 358 337 264 288 236 308 256 352 259 309 264
 262 282 265 260 271 242 371 390 258 229 263 298 337 301 272 265 221 297 265 337 274 280 272
 238 282 293 294 221 268 354 353 213 239 252 356 286 295 274 354 213 281 293 276 272 280 274
 269 262 237 251 253 225 367 365 251 204 237 402 308 292 226 370 217 276 237 318 266 264 226
 272 275 279 268 265 234 361 345 248 249 272 397 297 298 272 384 225 294 279 299 261 281 272
 283 258 289 256 286 264 316 320 281 261 243 386 295 303 258 383 230 250 289 293 291 283 258
 265 309 285 275 284 275 318 327 286 274 287 391 305 273 289 391 250 269 285 294 283 272 289
 260 274 271 266 270 245 361 360 254 257 239 410 330 293 275 393 205 274 271 306 270 292 275
 256 281 265 240 260 242 353 379 246 254 262 383 310 314 270 379 238 257 265 296 275 292 270
 293 293 279 258 265 248 332 338 275 246 246 383 316 305 286 363 225 245 279 301 269 288 286
 237 287 294 270 248 259 312 316 242 254 246 365 276 299 282 368 251 257 294 289 285 275 282
 267 277 286 259 265 264 321 321 275 261 257 357 289 284 287 345 236 252 286 287 272 271 287
 260 252 247 236 256 229 359 343 256 254 262 360 317 319 257 372 209 251 247 312 261 255 257
 267 273 250 257 251 248 350 377 245 236 269 399 320 304 258 393 231 303 250 292 281 268 258
 273 276 275 279 284 263 345 360 291 285 283 317 308 321 270 308 247 298 275 298 280 281 270
 271 293 277 274 285 273 355 358 282 265 284 302 318 301 272 278 240 289 277 292 271 260 272
 275 279 289 285 269 280 334 336 275 270 286 340 302 306 287 318 261 279 289 281 266 265 287
 283 297 280 273 283 268 358 355 282 263 282 392 326 272 284 380 226 290 280 312 295 284 284
 281 284 276 252 271 229 365 383 251 241 231 401 328 279 277 381 219 250 276 300 271 266 277
 255 250 252 244 249 223 401 360 233 220 251 403 334 307 245 386 216 277 252 317 272 283 245
